1780132350 1001114 17945
1780132354 1005832 17353
1780132357 1030202 14309
1780132360 1041126 12943
1780132363 1041126 12943
1780132367 1041136 12943
1780132370 1041136 12943
1780132373 1041136 12943
1780132376 1041136 12943
1780132380 1041136 12943
1780132383 1041136 12943
1780132386 1041136 12943
1780132390 1041136 12943
1780132393 1041136 12943
1780132396 1041136 12943
1780132399 1041136 12943
1780132403 1041136 12943
1780132406 1041136 12943
1780132409 1041136 12943
1780132413 1041136 12943
1780132416 1041136 12943
1780132419 1041136 12943
1780132422 1041136 12943
1780132426 1041136 12943
1780132429 1041136 12943
1780132432 1041136 12943
1780132436 1041136 12943
1780132439 1041136 12943
1780132442 1041136 12943
